GET https://api-mainnet.magiceden.io/v2/instructions/sell
seller: AK8XDwuwZu1HQzcNBmEEmwsHeXM4LZWgcxu6PNLe1DFS
auctionHouseAddress: E8cU1WiRWjanGxmn96ewBgk9vPTcL6AEZ1t6F6fkgUWe
mintAddress - tokenMint: 2b6peEdXQhDGpwo6qLtfH6EGBcZBj3WNiY4DAjBYHEhA
id - tokenAccount: B6Vq7YpZP3WubxiC2Vpdf55f9NUMb4xWG1yGVVx88PSD
price: 0.2
expiry: -1

return tx.data



{"tx":{"type":"Buffer","data":[1,0,10,13,138,94,36,26,39,204,143,42,127,101,79,215,4,113,123,249,96,111,142,156,181,192,162,34,181,223,250,20,27,224,26,101,149,253,94,247,154,229,70,156,45,193,83,209,28,131,64,12,129,131,20,13,185,110,118,67,209,94,47,150,10,235,122,182,58,7,101,161,92,187,173,253,215,245,116,136,182,126,91,130,236,64,88,241,204,115,253,220,34,254,199,74,101,2,107,10,0,0,0,0,0,0,0,0,0,0,0,0,0,0,0,0,0,0,0,0,0,0,0,0,0,0,0,0,0,0,0,0,23,152,4,72,75,100,212,95,196,205,165,165,218,204,151,205,17,236,207,33,72,172,78,64,179,7,149,138,196,95,214,157,28,137,120,32,62,161,158,198,196,194,84,233,160,93,135,64,241,103,166,226,180,3,108,132,132,47,66,64,22,69,99,23,8,175,246,228,16,89,36,102,175,155,72,107,229,118,121,242,246,139,65,205,220,49,224,32,146,119,74,143,99,98,237,19,195,27,24,204,62,20,138,10,82,147,129,137,32,237,250,237,171,57,30,73,51,108,11,116,219,102,157,16,71,3,66,75,6,221,246,225,215,101,161,147,217,203,225,70,206,235,121,172,28,180,133,237,95,91,55,145,58,140,245,133,126,255,0,169,140,151,37,143,78,36,137,241,187,61,16,41,20,142,13,131,11,90,19,153,218,255,16,132,4,142,123,216,219,233,248,89,0,11,227,225,235,161,122,71,63,137,176,247,232,226,73,64,242,10,235,142,188,167,26,136,253,233,93,75,131,183,26,9,6,167,213,23,25,44,92,81,33,140,201,76,61,74,241,127,88,218,238,8,155,161,253,68,227,219,217,138,0,0,0,0,5,33,159,137,154,129,212,255,132,251,89,61,46,223,138,144,172,27,58,179,66,88,247,223,35,62,165,3,2,177,189,46,182,52,178,125,72,144,117,252,181,248,138,251,161,112,121,108,248,142,200,110,51,127,176,232,243,59,190,12,248,97,58,64,1,12,15,0,3,1,1,4,5,6,7,2,6,8,3,9,10,11,34,51,230,133,164,1,127,131,173,255,250,0,194,235,11,0,0,0,0,1,0,0,0,0,0,0,0,255,255,255,255,255,255,255,255]}}